gamestate, lives, score, count alien, killed aliens, end/start point, fuel
0, 0, 0, 0, 0
1, 3, 70, 7, 28432
1, 3, 90, 9, 38019
1, 3, 0, 0, 1286
1, 3, 80, 8, 32861
1, 3, 0, 0, 5836
1, 3, 0, 0, 8543
1, 3, 0, 0, 3758
1, 3, 40, 4, 30144
1, 3, 0, 0, 5638
1, 3, 0, 0, 2914
1, 3, 0, 0, 4100
1, 3, 0, 0, 6114
1, 3, 0, 0, 2956
1, 3, 20, 2, 20193
1, 3, 0, 0, 7378
1, 3, 0, 0, 3336
1, 3, 0, 0, 2745
1, 3, 0, 0, 2527
1, 3, 0, 0, 5799
1, 3, 0, 0, 8400
1, 3, 0, 0, 7197
1, 3, 0, 0, 6666
1, 3, 60, 6, 26184
1, 3, 0, 0, 4873
1, 3, 60, 6, 24629
1, 3, 40, 4, 13867
1, 3, 40, 4, 16846
1, 3, 0, 0, 5212
1, 3, 30, 3, 11183
1, 3, 20, 2, 11081
1, 3, 10, 1, 4197
1, 3, 0, 0, 4406
1, 3, 30, 3, 11422
1, 3, 70, 7, 26188
1, 3, 40, 4, 17825
1, 3, 100, 10, 41191
1, 3, 40, 4, 15778
1, 3, 90, 9, 37165
1, 2, 490, 49, 151312
1, 0, 0, 0, 164234
1, 3, 60, 6, 23339
1, 2, 390, 33, 129210
1, 0, 1760, 84, 334012
0, 0, 1760, 85, 339732
1, 3, 40, 4, 16145
1, 2, 170, 17, 51466
1, 2, 170, 17, 61775
1, 2, 330, 33, 71243
1, 2, 330, 33, 79028
1, 3, 0, 0, 3891
1, 3, 50, 5, 8, 28128
1, 3, 140, 17, 18, 69647
1, 3, 220, 22, 21, 87924
1, 1, 580, 45, 39, 179870
0, 0, 940, 59, 51, 234452
0, 0, 940, 59, 51, 236118
0, 3, 0, 0, 0, 1073741789
1, 2, 760, 48, 47, 190926
0, 0, 1660, 80, 77, 400583
0, 1, 1660, 80, 77, 403125
0, 0, 1970, 107, 85, 425535
1, 3, 10, 2, 1, 6113
0, 0, 170, 42, 15, 164587
0, 0, 250, 29, 20, 115696
1, 1, 1820, 84, 82, 333930
0, 1, 2540, 102, 100, 407124
0, 0, 730, 56, 43, 222021
1, 3, 30, 3, 3, 9003
1, 3, 40, 5, 4, 17095
1, 3, 70, 8, 7, 28797
1, 3, 10, 2, 1, 4498
1, 3, 20, 3, 2, 9203
1, 3, 20, 9, 2, 33528
1, 3, 340, 28, 27, 110521
1, 3, 400, 34, 30, 132603
1, 3, 0, 2, 0, 5097
1, 3, 0, 1, 0, 2860
1, 3, 20, 3, 2, 10011
1, 3, 20, 2, 2, 5913
1, 3, 40, 5, 4, 19803
1, 3, 30, 3, 3, 8360
1, 3, 20, 3, 2, 11604
1, 3, 10, 2, 1, 4695
1, 3, 80, 8, 8, 31202
1, 3, 50, 6, 5, 21235
1, 3, 70, 8, 7, 29373
1, 3, 0, 2, 0, 7137
1, 3, 20, 2, 2, 7722
1, 3, 0, 1, 0, 2445
1, 3, 0, 1, 0, 2639
1, 3, 0, 1, 0, 1833
1, 3, 0, 1, 0, 2234
1, 3, 0, 1, 0, 2436
1, 3, 0, 1, 0, 2040
1, 3, 0, 2, 0, 4060
1, 3, 40, 5, 4, 18551
1, 3, 40, 5, 4, 17581
1, 3, 50, 5, 5, 19677
1, 3, 60, 10, 6, 3727950, 
1, 3, 60, 6, 6, 22981, 55
1, 2, 100, 10, 10, 37281, 135
1, 2, 100, 11, 10, 41958, 0
1, 1, 120, 13, 12, 50072, 135
0, 0, 350, 29, 27, 115271, 140
0, 0, 680, 44, 44, 175423, 140
0, 0, 680, 44, 44, 196528, 140
1, 3, 100, 10, 10, 39989, 140
0, 0, 1780, 82, 81, 325319, 140
